0 1 0
0 2 0
0 3 0
0 4 0
0 5 0
0 6 0
0 7 9.98
0 8 0
0 9 0
0 10 0
0 11 9.85
0 12 0
0 13 0
0 14 10.2
0 15 0
0 16 9.95
0 17 0
0 18 0
0 19 0
0 20 0
0 21 9.96
0 22 0
0 23 9.97
0 24 0
0 25 9.98
0 26 9.97
0 27 0
0 28 9.97
0 29 9.98
0 30 0
0 31 0
0 32 9.95
0 33 9.98
0 34 9.97
0 35 9.97
0 36 9.98
0 37 9.62
0 38 10.36
0 39 10.01
0 40 9.98
0 41 19.87
0 42 9.97
0 43 9.97
0 44 9.97
0 45 19.9
0 46 19.64
0 47 10.33
0 48 9.97
0 49 19.95
0 50 19.63
0 51 30.24
0 52 19.95
0 53 19.95
0 54 19.87
0 55 19.93
0 56 19.89
0 57 9.97
0 58 19.97
0 59 19.9
0 60 20.3
0 61 19.95
0 62 19.95
0 63 19.94
0 64 19.94
0 65 19.56
0 66 20.4
0 67 19.89
0 68 19.96
0 69 29.91
0 70 19.95
0 71 29.91
0 72 29.99
0 73 29.85
0 74 19.59
0 75 29.92
0 76 29.92
0 77 29.94
0 78 29.95
0 79 29.86
0 80 29.92
0 81 29.92
0 82 29.93
0 83 29.96
0 84 29.91
0 85 30.29
0 86 39.89
0 87 29.57
0 88 40.33
0 89 39.8
0 90 29.93
0 91 39.89
0 92 39.63
0 93 39.78
0 94 29.97
0 95 29.9
0 96 49.97
0 97 39.78
0 98 39.92
0 99 49.84
0 100 39.62
0 101 39.87
0 102 39.9
0 103 49.12
0 104 50.64
0 105 49.84
0 106 49.86
0 107 49.98
0 108 49.78
0 109 49.87
0 110 49.84
0 111 49.86
0 112 49.88
0 113 59.43
0 114 49.87
0 115 49.87
0 116 59.52
0 117 50.18
0 118 59.84
0 119 59.5
0 120 50.25
0 121 69.77
0 122 59.84
0 123 49.88
0 124 59.84
0 125 59.85
0 126 59.82
0 127 59.9
0 128 69.75
0 129 59.85
0 130 59.83
0 131 69.81
0 132 59.84
0 133 69.81
0 134 59.84
0 135 69.81
0 136 69.81
0 137 69.85
0 138 69.77
0 139 69.78
0 140 79.79
0 141 69.81
0 142 79.79
0 143 79.79
0 144 79.78
0 145 79.79
0 146 79.78
0 147 79.79
0 148 89.76
0 149 79.78
0 150 89.8
0 151 79.79
0 152 89.73
0 153 89.75
0 154 89.77
0 155 89.95
0 156 89.92
0 157 89.41
0 158 89.76
0 159 89.76
0 160 89.76
0 161 99.75
0 162 89.74
0 163 89.75
0 164 99.74
0 165 99.78
0 166 99.68
0 167 99.7
0 168 99.73
0 169 99.74
0 170 99.73
0 171 109.7
0 172 99.72
0 173 99.72
0 174 99.73
0 175 109.74
0 176 109.68
0 177 109.7
0 178 110.5
0 179 109.3
0 180 110.09
0 181 109.71
0 182 110.04
0 183 119.65
0 184 119.71
0 185 119.3
0 186 120.05
0 187 119.65
0 188 119.67
0 189 119.69
0 190 129.64
0 191 120.05
0 192 119.68
0 193 119.64
0 194 119.33
0 195 120.03
0 196 129.56
0 197 129.69
0 198 149.22
0 199 139.62
0 200 149.6
0 201 139.63
0 202 149.59
0 203 139.63
0 204 140.04
0 205 139.63
0 206 149.6
0 207 139.63
0 208 149.6
0 209 149.73
0 210 149.47
0 211 149.6
0 212 149.6
0 213 159.97
0 214 149.2
0 215 159.57
0 216 159.57
0 217 159.57
0 218 149.6
0 219 149.6
0 220 159.93
0 221 159.57
0 222 169.57
0 223 169.53
0 224 159.57
0 225 159.57
0 226 159.57
0 227 169.59
0 228 169.51
0 229 179.54
0 230 169.52
0 231 179.15
0 232 179.52
0 233 179.52
0 234 179.89
0 235 189.48
0 236 189.5
0 237 179.72
0 238 179.49
0 239 189.49
0 240 189.38
0 241 199.45
0 242 189.49
0 243 189.84
0 244 189.49
0 245 199.43
0 246 199.45
0 247 189.51
0 248 199.48
0 249 199.41
0 250 229.31
0 251 209.53
0 252 209.42
0 253 209.49
0 254 199.46
0 255 219.41
0 256 209.43
0 257 219.08
0 258 209.79
0 259 209.42
0 260 219.42
0 261 209.42
0 262 219.4
0 263 219.42
0 264 219.4
0 265 229.25
0 266 229.46
0 267 228.94
0 268 229.39
0 269 229.39
0 270 229.39
0 271 229.39
0 272 229.39
0 273 239.36
0 274 239.36
0 275 249.34
0 276 259.31
0 277 239.36
0 278 239.36
0 279 249.34
0 280 249.35
0 281 249.33
0 282 249.33
0 283 249.33
0 284 249.33
0 285 259.31
0 286 249.32
0 287 259.3
0 288 259.31
0 289 259.29
0 290 259.3
0 291 269.28
0 292 289.21
0 293 279.24
0 294 279.25
0 295 279.26
0 296 279.24
0 297 319.15
0 298 279.99
0 299 289.24
0 300 278.83
0 301 279.28
0 302 279.65
0 303 288.81
0 304 279.29
0 305 288.86
0 306 299.21
0 307 299.19
0 308 289.22
0 309 299.2
0 310 299.2
0 311 299.2
0 312 299.2
0 313 299.19
0 314 309.17
0 315 299.2
0 316 309.17
0 317 309.18
0 318 319.14
0 319 319.14
0 320 319.15
0 321 319.14
0 322 339.09
0 323 329.12
0 324 339.1
0 325 349.07
0 326 329.15
0 327 329.12
0 328 339.09
0 329 339.48
0 330 339.07
0 331 339.09
0 332 349.45
0 333 358.28
0 334 339.86
0 335 348.31
0 336 349.07
0 337 339.09
0 338 349.07
0 339 349.07
0 340 349.07
0 341 359.41
0 342 359.09
0 343 369.04
0 344 359.05
0 345 359
0 346 359.02
0 347 378.96
0 348 359.03
0 349 369.02
0 350 379.09
0 351 369.01
0 352 408.87
0 353 379.03
0 354 378.99
0 355 398.94
0 356 408.9
0 357 388.94
0 358 388.96
0 359 388.94
0 360 398.62
0 361 388.6
0 362 399.7
0 363 398.94
0 364 398.94
0 365 398.93
0 366 408.16
0 367 428.49
0 368 418.87
0 369 408.86
0 370 418.87
0 371 408.94
0 372 418.9
0 373 418.89
0 374 418.9
0 375 428.85
0 376 438.9
0 377 439.2
0 378 428.84
0 379 448.8
0 380 438.84
0 381 438.82
0 382 448.79
0 383 448.8
0 384 438.82
0 385 459.18
0 386 448.8
0 387 448.8
0 388 438.78
0 389 458.78
0 390 458.76
0 391 458.8
0 392 458.79
0 393 458.75
0 394 458.78
0 395 468.75
0 396 458.79
0 397 469.13
0 398 478.71
0 399 468.78
0 400 478.75
0 401 518.55
0 402 498.7
0 403 488.34
0 404 509
0 405 488.68
0 406 498.63
0 407 498.33
0 408 508.65
0 409 498.66
0 410 509.01
0 411 508.61
0 412 498.66
0 413 508.63
0 414 508.65
0 415 508.64
0 416 518.6
0 417 518.62
0 418 538.95
0 419 528.11
0 420 549.03
0 421 529.2
0 422 528.59
0 423 538.53
0 424 528.59
0 425 539.13
0 426 538.57
0 427 548.55
0 428 548.15
0 429 538.54
0 430 548.16
0 431 558.51
0 432 558.5
0 433 558.5
0 434 558.5
0 435 568.48
0 436 578.81
0 437 558.51
0 438 608.34
0 439 588.06
0 440 588.43
0 441 578.45
0 442 578.45
0 443 588.43
0 444 578.81
0 445 598.04
0 446 588.43
0 447 588.43
0 448 588.43
0 449 599.18
0 450 597.65
0 451 628.32
0 452 608.37
0 453 618.7
0 454 617.99
0 455 618.34
0 456 618.35
0 457 618.34
0 458 618.35
0 459 638.29
0 460 628.32
0 461 618.35
0 462 638.66
0 463 637.93
0 464 678.58
0 465 638.29
0 466 647.89
0 467 658.23
0 468 668.21
0 469 658.25
0 470 867.69
0 471 678.19
0 472 728.04
0 473 677.9
0 474 668.21
0 475 678.55
0 476 677.81
0 477 668.18
0 478 668.21
0 479 677.81
0 480 668.59
0 481 678.22
0 482 688.14
0 483 708.14
0 484 708.14
0 485 698.08
0 486 688.18
0 487 688.14
0 488 698.15
0 489 708.09
0 490 688.16
0 491 708.1
0 492 708.09
0 493 707.75
0 494 708.11
0 495 728.09
0 496 728.05
0 497 748.37
0 498 747.63
0 499 728.05
0 500 728.05
